35166317
35170928
35186812
35197835
35181954
35184985
35210421
35185069
35187250
35197587
35193367
35193188
35198998
35170944
35181139
35204860
35164819
35188953
35166207
35177110
35207830
35207020
35174612
35183073
35192913
35177641
35190383
35166892
35179407
35191927
35191206
35172774
35180392
35166815
35189794
35186621
35191303
35168652
35182827
35192906
35190811
35182824
35178986
35197227
35197860
35180832
35179799
35190971
35216894
35168647
35165798
35175063
35205575
35185365
35192619
35209775
35168285
35196354
35180429
35181909
35169869
35194002
35175805
35191687
35175926
35165218
35181433
35195106
35164873
35177167
35179871
35208113
35209497
35171401
35177857
35184011
35209428
35171116
35171689
35186431
35200267
35204604
35209657
35207390
35199440
35199418
35184859
35177362
35171527
35205838
35165640
35175529
35176474
35208402
35175321
35167101
35208721
35185122
35196173
35169914
35196721
35171239
35211530
35178719
35210015
35209982
35170599
35202548
35166874
35209102
35195029
35190631
35202168
35177257
35176819
35209038
35206041
35184120
35208276
35212660
35213213
35201848
35184515
35178506
35207305
35172415
35167791
35166579
35197308
35183317
35179654
35212522
35204445
35187593
35195554
35187603
35185268
35173866
35215835
35174574
35172362
35187267
35185851
35207787
35178426
35211499
35183038
35179598
35203260
35201036
35184546
35203571
35210730
35180591
35168808
35215290
35183407
35182240
35180230
35173043
35170292
35208286
35186462
35206734
35189083
35196442
35209911
35200498
35189982
35173592
35169256
35199359
35192307
35184251
35204398
35181362
35191706
35214400
35200410
35164997
35175973
35200557
35200017
35170955
35211171
35194195
35166680
35174655
35206040
35167479
35165801
35203775
35207157
35182034
35181301
35165458
35165391
35205864
35215437
35215107
